90
45
162
81
156
78
39
167
231
199
215
223
219
217
216
108
54
27
185
232
116
58
29
186
93
154
77
146
73
144
72
36
18
9
176
88
44
22
11
177
236
118
59
169
224
112
56
28
14
7
183
239
195
213
222
111
131
245
206
103
135
247
207
211
221
218
109
130
65
148
74
37
166
83
157
250
125
138
69
150
75
145
252
126
63
171
225
196
98
49
172
86
43
161
228
114
57
168
84
42
21
190
95
155
249
200
100
50
25
184
92
46
23
191
235
193
212
106
53
174
87
159
251
201
208
104
52
26
13
178
89
152
76
38
19
189
234
117
142
71
151
255
203
209
220
110
55
175
227
197
214
107
129
244
122
61
170
85
158
79
147
253
202
101
134
67
149
254
127
139
241
204
102
51
173
226
113
140
70
35
165
230
115
141
242
121
136
68
34
17
188
94
47
163
229
198
99
133
246
123
137
240
120
60
30
15
179
237
194
97
132
66
33
164
82
41
160
80
40
20
10
5
182
91
153
248
124
62
31
187
233
192
96
48
24
12
6
3
181
238
119
143
243
205
210
105
128
64
32
16
8
4
2
1
180
90
45
162
81
156
78
39
167
231
199
215
223
219
217
216
108
54
27
185
232
116
58
29
186
93
154
77
146
73
144
72
36
18
9
176
88
44
22
11
177
236
118
59
169
224
112
56
28
14
7
183
239
195
213
222
111
131
245
206
103
135
247
207
211
221
218
109
130
65
148
74
37
166
83
157
250
125
138
69
150
75
145
252
126
63
171
225
196
98
49
172
86
43
161
228
114
57
168
84
42
21
190
95
155
249
200
100
50
25
184
92
46
23
191
235
193
212
106
53
174
87
159
251
201
208
104
52
26
13
178
89
152
76
38
19
189
234
117
142
71
151
255
203
209
220
110
55
175
227
197
214
107
129
244
122
61
170
85
158
79
147
253
202
101
134
67
149
254
127
139
241
204
102
51
173
226
113
140
70
35
165
230
115
141
242
121
136
68
34
17
188
94
47
163
229
198
99
133
246
123
137
240
120
60
30
15
179
237
194
97
132
66
33
164
82
41
160
80
40
20
10
5
182
91
153
248
124
62
31
187
233
192
96
48
24
12
6
3
181
238
119
143
243
205
210
105
128
64
32
16
8
4
2
1
180
90
45
162
81
156
78
39
167
231
199
215
223
219
217
216
108
54
27
185
232
116
58
29
186
93
154
77
146
73
144
72
36
18
9
176
88
44
22
11
177
236
118
59
169
224
112
56
28
14
7
183
239
195
213
222
111
131
245
206
103
135
247
207
211
221
218
109
130
65
148
74
37
166
83
157
250
125
138
69
150
75
145
252
126
63
171
225
196
98
49
172
86
43
161
228
114
57
168
84
42
21
190
95
155
249
200
100
50
25
184
92
46
23
191
235
193
212
106
53
174
87
159
251
201
208
104
52
26
13
178
89
152
76
38
19
189
234
117
142
71
151
255
203
209
220
110
55
175
227
197
214
107
129
244
122
61
170
85
158
79
147
253
202
101
134
67
149
254
127
139
241
204
102
51
173
226
113
140
70
35
165
230
115
141
242
121
136
68
34
17
188
94
47
163
229
198
99
133
246
123
137
240
120
60
30
15
179
237
194
97
132
66
33
164
82
41
160
80
40
20
10
5
182
91
153
248
124
62
31
187
233
192
96
48
24
12
6
3
181
238
119
143
243
205
210
105
128
64
32
16
8
4
2
1
180
90
45
162
81
156
78
39
167
231
199
215
223
219
217
216
108
54
27
185
232
116
58
29
186
93
154
77
146
73
144
72
36
18
9
176
88
44
22
11
177
236
118
59
169
224
112
56
28
14
7
183
239
195
213
222
111
131
245
206
103
135
247
207
211
221
218
109
130
65
148
74
37
166
83
157
250
125
138
69
150
75
145
252
126
63
171
225
196
98
49
172
86
43
161
228
114
57
168
84
42
21
190
95
155
249
200
100
50
25
184
92
46
23
191
235
193
212
106
53
174
87
159
251
201
208
104
52
26
13
178
89
152
76
38
19
189
234
117
142
71
151
255
203
209
220
110
55
175
227
197
214
107
129
244
122
61
170
85
158
79
147
253
202
101
134
67
149
254
127
139
241
204
102
51
173
226
113
140
70
35
165
230
115
141
242
121
136
68
34
17
188
94
47
163
229
198
99
133
246
123
137
240
120
60
30
15
179
237
194
97
132
66
33
164
82
41
160
80
40
20
10
5
182
91
153
248
124
62
31
187
233
192
96
48
24
12
6
3
181
238
119
143
243
205
210
105
128
64
32
16
8
4
2
1
180
90
45
162
81
156
78
39
167
231
199
215
223
219
217
216
108
54
27
185
232
116
58
29
186
93
154
77
146
73
144
72
36
18
9
176
88
44
22
11
177
236
118
59
169
224
112
56
28
14
7
183
239
195
213
222
111
131
245
206
103
135
247
207
211
221
218
109
130
65
148
74
37
166
83
157
250
125
138
69
150
75
145
252
126
63
171
225
196
98
49
172
86
43
161
228
114
57
168
84
42
21
190
95
155
249
200
100
50
25
184
92
46
23
191
235
193
212
106
53
174
87
159
251
201
208
104
52
26
13
178
89
152
76
38
19
189
234
117
142
71
151
255
203
209
220
110
55
175
227
197
214
107
129
244
122
61
170
85
158
79
147
253
202
101
134
67
149
254
127
139
241
204
102
51
173
226
113
140
70
35
165
230
115
141
242
121
136
68
34
17
188
94
47
163
229
198
99
133
246
123
137
240
120
60
30
15
179
237
194
97
132
66
33
164
82
41
160
80
40
20
10
5
182
91
153
248
124
62
31
187
233
192
96
48
24
12
6
3
181
238
119
143
243
205
210
105
128
64
32
16
8
4
2
1
180
90
45
162
81
156
78
39
167
231
199
215
223
219
217
216
108
54
27
185
232
116
58
29
186
93
154
77
146
73
144
72
36
18
9
176
88
44
22
11
177
236
118
59
169
224
112
56
28
14
7
183
239
195
213
222
111
131
245
206
103
135
247
207
211
221
218
109
130
65
148
74
37
166
83
157
250
125
138
69
150
75
145
252
126
63
171
225
196
98
49
172
86
43
161
228
114
57
168
84
42
21
190
95
155
249
200
100
50
25
184
92
46
23
191
235
193
212
106
53
174
87
159
251
201
208
104
52
26
13
178
89
152
76
38
19
189
234
117
142
71
151
255
203
209
220
110
55
175
227
197
214
107
129
244
122
61
170
85
158
79
147
253
202
101
134
67
149
254
127
139
241
204
102
51
173
226
113
140
70
35
165
230
115
141
242
121
136
68
34
17
188
94
47
163
229
198
99
133
246
123
137
240
120
60
30
15
179
237
194
97
132
66
66
33
164
82
41
160
80
40
20
10
5
182
91
153
248
124
62
31
187
233
192
96
48
24
12
6
3
181
238
119
143
243
205
210
105
128
64
32
16
8
4
2
1
180
90
45
162
81
156
78
39
167
231
199
215
223
219
217
216
108
54
27
185
232
116
58
29
186
93
154
77
146
73
144
72
72
36
18
9
176
88
44
22
11
177
236
118
59
169
224
112
56
28
14
7
183
239
195
213
222
111
131
245
206
103
135
247
207
211
221
218
109
130
65
148
74
37
166
83
157
250
125
138
69
150
75
145
252
126
63
171
225
196
98
49
172
86
43
161
228
114
57
168
84
42
21
190
95
155
249
200
100
50
25
184
92
46
23
191
235
193
212
106
53
174
87
159
251
201
208
104
52
26
13
178
89
152
76
38
19
189
234
117
142
71
151
255
203
209
220
110
55
175
227
197
214
107
129
244
122
61
170
85
158
79
147
253
202
101
134
67
149
254
127
139
241
204
102
51
173
226
113
140
70
35
165
230
115
141
242
121
136
68
34
17
188
94
47
163
229
198
99
133
246
123
137
240
120
60
30
15
179
237
194
97
132
66
33
164
82
41
160
80
40
20
10
5
182
91
153
248
124
62
31
187
233
192
96
48
24
12
6
3
181
238
119
143
243
205
210
105
128
64
32
16
8
4
2
1
180
90
45
162
81
156
78
39
167
231
199
215
223
219
217
216
108
54
27
185
232
116
58
29
186
93
154
77
146
73
144
72
36
18
9
176
88
44
22
11
177
236
118
59
169
224
112
56
28
14
7
183
239
195
213
222
111
131
245
206
103
135
247
207
211
221
218
109
130
65
148
74
37
166
83
157
250
125
138
69
150
75
145
252
126
63
171
225
196
98
49
172
86
43
161
228
114
57
168
84
42
21
190
95
155
249
200
100
50
25
184
92
46
23
191
235
193
212
106
53
174
87
159
251
201
208
104
52
26
13
178
89
152
76
38
19
189
234
117
142
71
151
255
203
209
220
110
55
175
227
197
214
107
129
244
122
61
170
85
158
79
147
253
202
101
134
67
149
254
127
139
241
204
102
51
173
226
113
140
70
35
165
230
115
141
242
121
136
68
34
17
188
94
47
163
229
198
99
133
246
123
137
240
120
60
30
15
179
237
194
97
132
66
33
164
82
41
160
80
40
20
10
5
182
91
153
248
124
62
31
187
233
192
96
48
24
12
6
3
181
238
119
143
243
205
210
105
128
64
32
16
8
4
2
1
180
90
45
162
81
156
78
39
167
231
199
215
223
219
217
216
108
54
27
185
232
116
58
29
186
93
154
77
146
73
144
72
36
18
9
176
88
44
22
11
177
236
118
59
169
224
112
56
28
14
7
183
239
195
213
222
111
131
245
206
103
135
247
207
211
221
218
109
130
65
148
74
37
166
83
157
250
125
138
69
150
75
145
252
126
63
171
225
196
98
49
172
86
43
161
228
114
57
168
84
42
21
190
95
155
249
200
100
50
25
184
92
46
23
191
235
193
212
106
53
174
87
159
251
201
208
104
52
26
13
178
89
152
76
38
19
189
234
117
142
71
151
255
203
209
220
110
55
175
227
197
214
107
129
244
122
61
170
85
158
79
147
253
202
101
134
67
149
254
127
139
241
204
102
51
173
226
113
140
70
35
165
230
115
141
242
121
136
68
34
17
188
94
47
163
229
198
99
133
246
123
137
240
120
60
30
15
179
237
194
97
132
66
33
164
82
41
160
80
40
20
10
5
182
91
153
248
124
62
31
187
233
192
96
48
24
12
6
3
181
238
119
143
243
205
210
105
128
64
32
16
8
4
2
1
180
90
45
162
81
156
78
39
167
231
199
215
223
219
217
216
108
54
27
185
232
116
58
29
186
93
154
77
146
73
144
72
36
18
9
176
88
44
22
11
177
236
118
59
169
224
112
56
28
14
7
183
239
195
213
222
111
131
245
206
103
135
247
207
211
221
218
109
130
65
148
74
37
166
83
157
250
125
138
69
150
75
145
252
126
63
171
225
196
98
49
172
86
43
161
228
114
57
168
84
42
21
190
95
155
249
200
100
50
25
184
92
46
23
191
235
193
212
106
53
174
87
159
251
201
208
104
52
26
13
178
89
152
76
38
19
189
234
117
142
71
151
255
203
209
220
110
55
175
227
197
214
107
129
244
122
61
170
85
158
79
147
253
202
101
134
67
149
254
127
139
241
204
102
51
173
226
113
140
70
35
165
230
115
141
242
121
136
68
34
17
188
94
47
163
229
198
99
133
246
123
137
240
120
60
30
15
179
237
194
97
132
66
33
164
82
41
160
80
40
20
10
5
182
91
153
248
124
62
31
187
233
192
96
48
24
12
6
3
181
238
119
143
243
205
210
105
128
64
32
16
8
4
2
1
180
90
45
162
81
156
78
39
167
231
199
215
223
219
217
216
108
54
27
185
232
116
58
29
186
93
154
77
146
73
144
72
36
18
9
176
88
44
22
11
177
236
118
59
169
224
112
56
28
14
7
183
239
195
213
222
111
131
245
206
103
135
247
207
211
221
218
109
130
65
148
74
37
166
83
157
250
125
138
69
150
75
145
252
126
63
171
225
196
98
49
172
86
43
161
228
114
57
168
84
42
21
190
95
155
249
200
100
50
25
184
92
46
23
191
235
193
212
106
53
174
87
159
251
201
208
104
52
26
13
178
89
152
76
38
19
189
234
117
142
71
151
255
203
209
220
110
55
175
227
197
214
107
129
244
122
61
170
85
158
79
147
253
202
101
134
67
149
254
127
139
241
204
102
51
173
226
113
140
70
35
165
230
115
141
242
121
136
68
34
17
188
94
47
163
229
198
99
133
246
123
137
240
120
60
30
15
179
237
194
97
132
66
33
164
82
41
160
80
40
20
10
5
182
91
153
248
124
62
31
187
233
192
96
48
24
12
6
3
181
238
119
143
243
205
210
105
128
64
32
16
8
4
2
1
180
90
45
162
81
156
78
39
167
231
199
215
223
219
217
216
108
54
27
185
232
116
58
29
186
93
154
77
146
73
144
72
36
18
9
176
88
44
22
11
177
236
118
59
169
224
112
56
28
14
7
183
239
195
213
222
111
131
245
206
103
135
247
207
211
221
218
109
130
65
148
74
37
166
83
157
250
125
138
69
150
75
145
252
126
63
171
225
196
98
49
172
86
43
161
228
114
57
168
84
42
21
190
95
155
249
200
100
50
25
184
92
46
23
191
235
193
212
106
53
174
87
159
251
201
208
104
52
26
13
178
89
152
76
38
19
189
234
117
142
71
151
255
203
209
220
110
55
175
227
197
214
107
129
244
122
61
170
85
158
79
147
253
202
101
134
67
149
254
127
139
241
204
102
51
173
226
113
140
70
35
165
230
115
141
242
121
136
68
34
17
188
94
47
163
229
198
99
133
246
123
137
240
120
60
30
15
179
237
194
97
132
66
33
164
82
41
160
80
40
20
10
5
182
91
153
248
124
62
31
187
233
192
96
48
24
12
6
3
181
238
119
143
243
205
210
105
128
64
32
16
8
4
2
1
180
90
45
162
81
156
78
39
167
231
199
215
223
219
217
216
108
54
27
185
232
116
58
29
186
93
154
77
146
73
144
72
36
18
9
176
88
44
22
11
177
236
118
59
169
224
112
56
28
14
7
183
239
195
213
222
111
131
245
206
103
135
247
207
211
221
218
109
130
65
148
74
37
166
83
157
250
125
138
69
150
75
145
252
126
63
171
225
196
98
49
172
86
43
161
228
114
57
168
84
42
21
190
95
155
249
200
100
50
25
184
92
46
23
191
235
193
212
106
53
174
87
159
251
201
208
104
52
26
13
178
89
152
76
38
19
189
234
117
142
71
151
255
203
209
220
110
55
175
227
197
214
107
129
244
122
61
170
85
158
79
147
253
202
101
134
67
149
254
127
139
241
204
102
51
173
226
113
140
70
35
165
230
115
141
242
121
136
68
34
17
188
94
47
163
229
198
99
133
246
123
137
240
120
60
30
15
179
237
194
97
132
66
33
164
82
41
160
80
40
20
10
5
182
91
153
248
124
62
31
187
233
192
96
48
24
12
6
3
181
238
119
143
243
205
210
105
128
64
32
16
8
4
2
1
180
90
45
162
81
156
78
39
167
231
199
215
223
219
217
216
108
54
27
185
232
116
58
29
186
93
154
77
146
73
144
72
36
18
9
176
88
44
22
11
177
236
118
59
169
224
112
56
28
14
7
183
239
195
213
222
111
131
245
206
103
135
247
207
211
221
218
109
130
65
148
74
37
166
83
157
250
125
138
69
150
75
145
252
126
63
171
225
196
98
49
172
86
43
161
228
114
57
168
84
42
21
190
95
155
249
200
100
50
25
184
92
46
23
191
235
193
212
106
53
174
87
159
251
201
208
104
52
26
13
178
89
152
76
38
19
189
234
117
142
71
151
255
203
209
220
110
55
175
227
197
214
107
129
244
122
61
170
85
158
79
147
253
202
101
134
67
149
254
127
139
241
204
102
51
173
226
113
140
70
35
165
230
115
141
242
121
136
68
34
17
188
94
47
163
229
198
99
133
246
123
137
240
120
60
30
15
179
237
194
97
132
66
33
164
82
41
160
80
40
20
10
5
182
91
153
248
124
62
31
187
233
192
96
48
24
12
6
3
181
238
119
143
243
205
210
105
128
64
32
16
8
4
2
1
180
90
45
162
81
156
78
39
167
231
199
215
223
219
217
216
108
54
27
185
232
116
58
29
186
93
154
77
146
73
144
72
36
18
9
176
88
44
22
11
177
236
118
59
169
224
112
56
28
14
7
183
239
195
213
222
111
131
245
206
103
135
247
207
211
221
218
109
130
65
148
74
37
166
83
157
250
125
138
69
150
75
145
252
126
63
171
225
196
98
49
172
86
43
161
228
114
57
168
84
42
21
190
95
155
249
200
100
50
25
184
92
46
23
191
235
193
212
106
53
174
87
159
251
201
208
104
52
26
13
178
89
152
76
38
19
189
234
117
142
71
151
255
203
209
220
110
55
175
227
197
214
107
129
244
122
61
170
85
158
79
147
253
202
101
134
67
149
254
127
139
241
204
102
51
173
226
113
140
70
35
165
230
115
141
242
121
136
68
34
17
188
94
47
163
229
198
99
133
246
123
137
240
120
60
30
15
179
237
194
97
132
66
33
164
82
41
160
80
40
20
10
5
182
91
153
248
124
62
31
187
233
192
96
48
24
12
6
3
181
238
119
143
243
205
210
105
128
64
32
16
8
4
2
1
180
90
45
162
81
156
78
39
167
231
199
215
223
219
217
216
108
54
27
185
232
116
58
29
186
93
154
77
146
73
144
72
36
18
9
176
88
44
22
11
177
236
118
59
169
224
112
56
28
14
7
183
239
195
213
222
111
131
245
206
103
135
247
207
211
221
218
109
130
65
148
74
37
166
83
157
250
125
138
69
150
75
145
252
126
63
171
225
196
98
49
172
86
43
161
228
114
57
168
84
42
21
190
95
155
249
200
100
50
25
184
92
46
23
191
235
193
212
106
53
174
87
159
251
201
208
104
52
26
13
178
89
152
76
38
19
189
234
117
142
71
151
255
203
209
220
110
55
175
227
197
214
107
129
244
122
61
170
85
158
79
147
253
202
101
134
67
149
254
127
139
241
204
102
51
173
226
113
140
70
35
165
230
115
141
242
121
136
68
34
17
188
94
47
163
229
198
99
133
246
123
137
240
120
60
30
15
179
237
194
97
132
66
33
164
82
41
160
80
40
20
10
5
182
91
153
248
124
62
31
187
233
192
96
48
24
12
6
3
181
238
119
143
243
205
210
105
128
64
32
16
8
4
2
1
180
90
45
162
81
156
78
39
167
231
199
215
223
219
217
216
108
54
27
185
232
116
58
29
186
93
154
77
146
73
144
72
36
18
9
176
88
44
22
11
177
236
118
59
169
224
112
56
28
14
7
183
239
195
213
222
111
131
245
206
103
135
247
207
211
221
218
109
130
65
148
74
37
166
83
157
250
125
138
69
150
75
145
252
126
63
171
225
196
98
49
172
86
43
161
228
114
57
168
84
42
21
190
95
155
249
200
100
50
25
184
92
46
23
191
235
193
212
106
53
174
87
159
251
201
208
104
52
26
13
178
89
152
76
38
19
189
234
117
142
71
151
255
203
209
220
110
55
175
227
197
214
107
129
244
122
61
170
85
158
79
147
253
202
101
134
67
149
254
127
139
241
204
102
51
173
226
113
140
70
35
165
230
115
141
242
121
136
68
34
17
188
94
47
163
229
198
99
133
246
123
137
240
120
60
30
15
179
237
194
97
132
66
33
164
82
41
160
80
40
20
10
5
182
91
153
248
124
62
31
187
233
192
96
48
24
12
6
3
181
238
119
143
243
205
210
105
128
64
32
16
8
4
2
1
180
90
45
162
81
156
78
39
167
231
199
215
223
219
217
216
108
54
27
185
232
116
58
29
186
93
154
77
146
73
144
72
36
18
9
176
88
44
22
11
177
236
118
59
169
224
112
56
28
14
7
183
239
195
213
222
111
131
245
206
103
135
247
207
211
221
218
109
130
65
148
74
37
166
83
157
250
125
138
69
150
75
145
252
126
63
171
225
196
98
49
172
86
43
161
228
114
57
168
84
42
21
190
95
155
249
200
100
50
25
184
92
46
23
191
235
193
212
106
53
174
87
159
251
201
208
104
52
26
13
178
89
152
76
38
19
189
234
117
142
71
151
255
203
209
220
110
55
175
227
197
214
107
129
244
122
61
170
85
158
79
147
253
202
101
134
67
149
254
127
139
241
204
102
51
173
226
113
140
70
35
165
230
115
141
242
121
136
68
34
17
188
94
47
163
229
198
99
133
246
123
137
240
120
60
30
15
179
237
194
97
132
66
33
164
82
41
160
80
40
20
10
5
182
91
153
248
124
62
31
187
233
192
96
48
24
12
6
3
181
238
119
143
243
205
210
105
128
64
32
16
8
4
2
1
180
90
45
162
81
156
78
39
167
231
199
215
223
219
217
216
108
54
27
185
232
116
58
29
186
93
154
77
146
73
144
72
36
18
9
176
88
44
22
11
177
236
118
59
169
224
112
56
28
14
7
183
239

